20
u120_00 
 obj=   48       0
22 75 87 
48 24 
42 112 
28 71 
90 99 93 
27 108 38 45 21 
35 103 
105 106 
91 66 
62 69 
115 77 
70 76 
94 114 
41 43 
23 39 
54 20 
107 1 
101 79 
55 67 
56 100 
110 74 
97 89 
36 51 119 84 
3 17 
52 4 
92 5 
31 78 
25 44 
30 82 
102 32 0 118 
46 34 49 58 72 
13 73 
26 68 
37 16 
111 15 
2 83 
60 18 53 
86 81 
104 109 
80 11 
29 61 
12 8 95 
57 64 85 
10 14 96 
113 9 33 88 
63 40 65 116 
7 6 19 47 
50 59 98 117 
u120_01 
 obj=   49       0
82 8 
115 32 
38 42 
110 111 
44 34 
46 91 
51 117 
80 26 
102 58 
0 21 
27 57 
66 59 
36 33 
53 70 
76 74 
35 84 
62 11 
15 10 
103 47 
13 3 
116 89 
83 29 
24 31 
2 56 
5 73 
25 86 
52 12 
64 22 
68 109 
98 114 
101 107 
54 49 
79 69 
92 30 
4 105 
78 99 
75 93 39 
94 72 37 
45 1 50 
55 106 14 
85 81 43 
97 17 18 
113 20 7 
90 112 71 6 
19 67 119 65 
9 61 16 60 
108 28 63 96 
95 87 100 118 41 
23 48 40 88 104 77 
u120_02 
 obj=   46       0
69 97 71 4 
98 20 
76 117 59 
89 112 
54 73 
58 66 
99 16 
119 88 6 75 7 114 
17 9 108 61 87 
86 74 
94 81 
42 72 
102 55 
52 15 
60 46 
28 41 53 107 
105 45 
8 33 
78 92 
56 64 21 
38 40 3 
14 103 39 82 
63 68 84 118 91 
26 1 
93 116 
27 37 
44 106 
24 110 
96 111 
2 47 
90 23 
12 22 
50 10 
95 13 
101 31 
51 34 
5 49 
18 70 
100 43 
32 62 
29 109 
79 30 48 
19 25 104 
35 67 83 85 
11 0 65 77 
113 80 36 57 115 
u120_03 
 obj=   49       0
112 22 40 
27 13 
39 28 
5 107 
69 50 
23 49 
25 45 
114 56 
30 9 
67 82 
36 85 
74 8 
44 15 
100 111 
118 53 70 54 
93 34 
52 26 
20 88 24 
92 87 
63 76 
66 108 103 117 
98 58 
68 81 84 
55 109 79 60 91 
97 65 
18 77 
83 90 
94 4 
78 16 
115 51 
48 33 
7 6 
10 37 
11 96 
46 95 
89 80 42 
57 2 
38 41 
35 75 3 
1 43 12 
61 113 
105 72 
19 102 17 
99 101 
86 71 
59 14 116 
32 21 29 73 
106 119 31 62 
104 0 110 47 64 
u120_04 
 obj=   50       0
35 28 
98 74 
1 48 
93 62 
16 51 
45 86 
15 100 
33 117 
56 8 
71 37 
92 85 
113 94 
10 79 
43 107 
99 27 
47 26 
17 112 
78 118 
80 44 
32 84 
57 49 58 
73 103 59 
19 0 3 
24 53 
11 23 
46 106 
88 36 9 
110 40 64 
70 50 
114 87 
20 42 
54 4 
6 67 
72 5 
14 55 
91 60 
7 116 
65 77 
22 29 
30 104 
66 82 
102 83 
90 105 
119 108 
61 111 75 13 
41 81 21 38 
95 31 39 52 
25 12 115 89 
96 76 18 109 2 
97 34 68 69 101 63 
u120_05 
 obj=   48       0
7 25 55 
118 101 
10 68 
78 30 37 49 
88 6 
83 103 
73 24 
110 108 
114 79 
34 98 
105 52 
87 82 
13 67 
39 17 42 54 
60 26 
9 92 106 117 76 70 
99 97 64 8 
100 66 
22 31 
107 102 
43 2 
3 74 69 
19 44 
27 57 
0 104 91 
33 45 
4 11 
89 56 
15 47 
58 81 
61 75 
48 112 
46 115 
35 21 
93 14 
38 23 
53 116 
50 36 
80 77 
111 18 5 
1 96 95 
29 16 
94 28 
59 63 90 
65 12 86 
32 62 113 119 
20 51 72 109 
84 71 40 41 85 
u120_06 
 obj=   49       1
8 97 
84 98 
116 113 
93 40 
2 15 
18 32 
46 111 
70 115 
5 9 
62 33 
92 36 
61 47 
19 17 
28 25 
34 31 
45 72 
100 38 
4 14 
16 65 
27 75 
59 68 
22 56 
3 77 
81 48 
108 13 
0 55 
58 37 
88 117 
119 91 
67 101 
20 106 
21 110 
103 44 
82 112 
73 26 
76 74 
102 83 
96 54 
114 10 23 
29 35 107 
50 118 53 
66 71 24 
42 51 87 12 
60 79 30 6 
1 109 63 7 
104 90 89 43 94 
69 52 85 57 11 
49 80 86 99 105 
39 64 95 41 78 
u120_07 
 obj=   49       0
96 92 94 
40 78 
8 73 
111 80 
69 60 
46 38 
24 101 
97 62 
35 81 
28 72 
39 87 
45 82 25 
10 105 
20 26 
95 103 32 
33 14 88 117 
61 98 
116 6 
13 16 
7 115 47 
21 75 
37 89 
84 58 
19 119 
106 112 63 31 
42 15 
17 41 
52 91 18 109 
110 59 
53 22 54 99 
57 50 85 
55 108 
71 102 
70 68 107 
114 64 56 118 
30 83 
1 86 
76 65 
2 93 
49 0 
48 104 
9 23 
5 34 
29 44 
113 51 77 
74 90 66 
67 4 3 
12 27 36 
100 43 79 11 
u120_08 
 obj=   51       1
0 42 
17 49 
36 84 
19 85 
46 93 
66 111 
6 10 
23 3 
61 62 
52 44 
4 117 
94 68 
34 35 
75 81 
22 5 
54 39 
26 107 
65 78 
83 79 
92 45 
33 71 
74 89 
98 103 
112 108 
115 80 
102 28 
24 14 
21 13 
106 86 
116 110 
95 91 
55 30 
73 48 
18 47 
99 56 
11 20 
8 25 
43 63 
67 40 
105 101 
60 97 
96 58 
100 119 16 
57 69 113 
82 70 87 15 
38 118 41 7 
109 50 37 72 
90 77 29 51 
32 88 104 27 9 
64 114 53 76 2 
31 1 12 59 
u120_09 
 obj=   47       1
47 91 
83 87 
113 31 
33 1 
22 18 
110 81 
106 98 
10 56 
76 103 
99 101 
0 12 
39 100 
45 2 
85 117 
118 55 
74 32 
78 89 
86 77 
4 61 
25 16 
24 58 
40 82 
107 92 
60 23 
67 104 
43 112 
52 97 
63 115 
35 57 
8 70 
36 13 
90 30 
9 26 
46 50 
64 73 
105 66 95 
72 109 62 
21 71 29 
7 116 44 20 
14 28 51 93 
68 96 41 42 
53 19 48 11 
3 59 108 15 
49 79 37 75 5 
111 69 88 102 94 
80 54 119 6 17 27 
38 34 65 84 114 
u120_10 
 obj=   52       0
81 25 
18 7 
63 26 
78 117 
107 34 
86 22 
118 65 
8 67 
42 95 
74 97 
98 64 
109 84 
89 38 
72 54 
27 10 
40 99 
47 39 
91 50 
114 17 
4 30 
37 102 
49 28 
105 36 
71 83 
6 35 
21 11 
45 32 
82 56 
20 15 
79 80 
68 33 
70 93 
73 101 
19 14 
94 113 
3 31 
88 112 
77 2 
9 53 
103 12 
60 85 
69 110 
104 52 57 
90 43 
23 48 
24 55 66 
5 100 87 
108 13 44 76 
111 106 115 75 
116 1 16 46 
59 92 0 96 41 
119 51 61 29 62 58 
u120_11 
 obj=   50       1
23 38 
64 72 
77 43 
8 68 
71 78 
85 53 
46 29 
100 67 
14 59 
4 83 
57 99 
19 41 
16 6 
40 56 
62 109 
82 55 
17 42 
36 58 
112 111 
60 12 
65 89 
30 33 
7 35 
61 70 
15 119 
66 63 
106 80 
9 81 
10 11 
28 95 
104 26 
118 87 
1 115 
34 39 
75 94 
102 86 
107 114 
113 101 13 
0 50 
45 31 90 
88 76 3 
105 108 51 
52 98 
27 48 18 32 
22 84 97 5 
79 2 21 25 
37 47 96 44 
110 54 91 117 24 
69 116 74 92 20 93 
103 49 73 
u120_12 
 obj=   49       1
24 8 
71 18 
108 75 
98 2 
6 16 
84 112 
106 39 
93 82 
0 12 
107 97 
4 45 
25 74 
77 20 
57 46 
62 58 
10 5 
110 29 
114 48 
38 65 
42 92 
117 63 
22 21 
76 35 
23 68 
34 51 
80 81 
3 15 
44 104 
69 115 
116 85 
118 60 
17 102 
86 87 
78 96 
83 99 
90 36 
41 113 79 
32 59 53 
14 119 19 
91 72 1 
9 52 64 
95 27 55 
67 70 28 
61 50 105 54 
7 40 47 13 
49 109 94 26 
88 11 111 31 33 
100 30 73 56 103 
37 43 89 101 66 
u120_13 
 obj=   49       0
16 7 
101 58 
13 14 
20 43 
15 59 
31 109 
21 8 
82 40 
27 23 
28 85 
5 56 
60 92 
70 97 
98 94 
76 115 
88 52 
91 93 
37 63 
65 96 
67 108 
61 53 
17 111 
117 89 
3 2 
39 50 
72 79 
106 103 
48 46 
10 78 
18 32 
36 55 
42 112 
84 118 
6 24 33 
105 54 
19 38 
30 41 
4 29 
81 0 
119 110 62 
12 25 95 
45 114 68 116 
83 34 75 64 
35 77 99 73 
11 44 100 26 
69 90 87 107 
22 9 102 80 47 
49 74 1 113 51 57 
86 104 66 71 
u120_14 
 obj=   50       0
46 47 
57 24 
82 30 
15 22 
112 101 
43 66 
78 70 
16 9 
92 54 
20 109 
28 93 
76 1 
104 59 
4 21 
42 38 
97 99 
84 10 
110 41 
8 58 
81 89 
69 74 
72 94 
3 63 
118 96 
49 11 
53 65 
107 119 
33 31 
36 60 
50 115 
79 68 
56 32 
2 27 
85 29 
90 100 
7 14 
83 37 
62 73 
17 75 
88 108 
116 102 0 
44 61 45 
86 105 106 
52 71 34 
103 19 98 13 
12 5 25 6 
113 64 111 55 
77 40 48 87 26 
95 39 91 51 67 
35 117 18 80 114 23 
u120_15 
 obj=   48       0
32 97 94 
56 35 99 12 
114 5 
26 37 
92 71 
79 85 
8 55 
112 3 
118 72 
84 6 
4 80 
106 69 
117 101 
11 14 
64 63 
47 96 
104 65 
50 90 
45 77 
60 46 
102 107 
105 66 
70 54 
33 39 
23 89 87 49 
75 108 59 31 
91 67 116 109 
115 52 
53 48 103 21 24 82 
40 86 
58 42 
16 1 
36 68 
15 7 
93 27 
28 22 
41 29 
62 78 
0 73 
95 119 
9 17 
51 25 13 
43 74 
57 110 
98 100 111 
2 10 18 20 
76 88 19 83 44 
113 81 30 38 61 34 
u120_16 
 obj=   52       0
18 4 
45 11 
57 98 
17 114 
25 15 
37 31 
59 2 
83 23 
29 1 
90 28 
99 102 
16 63 
40 94 
44 111 
115 7 
67 38 
30 3 
107 48 
110 54 
20 66 
6 61 
36 71 
81 100 
70 55 
32 75 
5 58 
112 91 
60 88 
19 85 
39 109 
51 24 
69 77 
68 87 
79 56 
41 80 
89 22 
108 8 
117 9 
14 97 
62 106 
33 35 
64 104 
86 119 
52 72 
95 118 
65 46 78 
84 12 96 47 
101 10 34 27 
82 43 50 92 
13 93 73 113 
26 53 42 21 76 
103 105 0 49 116 74 
u120_17 
 obj=   53       1
13 94 
24 23 
86 118 
89 49 
97 77 
42 40 
65 79 
45 59 
115 80 
15 82 
81 0 
96 21 
58 73 
117 83 
9 78 
51 104 
87 52 
100 109 
11 64 
32 75 
90 6 
14 88 
38 69 
72 46 
95 8 
116 37 
1 102 
10 66 
105 112 
48 84 
110 101 
57 39 
56 3 
50 34 
62 4 
70 35 
30 54 
44 12 
71 5 43 
106 119 74 
28 19 
18 63 
113 25 
114 55 
26 27 
91 76 
20 61 17 
22 47 53 
60 68 111 
67 107 92 103 
2 7 85 29 
31 41 98 99 33 
93 108 16 36 
u120_18 
 obj=   49       0
0 33 71 111 
39 50 96 
40 14 87 117 66 114 
106 67 
32 94 9 
12 85 
53 57 69 83 
18 37 
42 54 
1 22 86 
82 118 
8 58 
35 64 
34 13 
109 31 
6 99 
77 93 
23 84 
80 90 
3 65 
92 30 91 100 
24 45 
46 75 
61 102 
15 56 
29 119 
48 38 
72 76 
20 73 
21 5 
60 108 
28 11 
79 113 
51 81 
10 103 
44 17 
25 104 
70 19 
43 2 
95 47 
62 27 
49 36 
55 52 
16 63 
59 74 41 
110 116 112 
98 97 105 78 
4 7 115 101 
88 26 89 68 107 
u120_19 
 obj=   50       1
8 16 
81 31 
56 101 
93 35 
104 52 
5 91 
12 62 
20 84 
74 0 
97 85 
46 24 
51 92 
1 67 
43 103 
75 36 
102 106 
13 86 
60 95 
57 48 
83 19 
33 90 
78 115 
82 73 
107 25 
18 32 
96 3 
105 22 
110 4 
49 23 
98 54 
70 71 
53 117 
118 45 
64 14 
69 38 
11 65 
44 50 
59 79 
77 41 
39 112 
29 7 109 
55 10 34 
68 9 87 
6 116 89 21 
99 111 2 94 
114 88 17 27 
28 63 119 30 
100 61 72 80 113 
42 108 26 47 15 58 
66 76 37 40 
