10
 HARD0
 100000 200 56
34978
34849
34703
34608
34598
34524
34356
34308
34069
34049
33895
33842
33806
33738
33716
33590
33546
33507
33468
33465
33383
33190
33075
32976
32897
32762
32696
32638
32553
32398
32230
32176
31967
31954
31903
31782
31724
31686
31597
31561
31532
31499
31346
30943
30915
30869
30766
30683
30678
30644
30559
30448
30315
30238
30125
29974
29947
29890
29886
29858
29856
29783
29697
29438
29427
29301
29174
29173
29123
29117
29116
29095
29094
29063
29041
29038
28977
28946
28921
28910
28842
28703
28360
28350
28305
28302
28225
28160
28094
28040
28020
27901
27775
27765
27688
27439
27425
27394
27365
27349
27284
27180
26935
26881
26867
26795
26703
26651
26550
26432
26375
26368
26244
26204
26192
26181
26158
26133
26067
25945
25906
25759
25698
25688
25652
25615
25530
25528
25366
25324
25273
25142
24852
24846
24658
24592
24564
24463
24457
24374
24359
24332
23987
23956
23952
23932
23895
23837
23795
23774
23663
23621
23502
23453
23430
23366
23178
23090
22991
22942
22743
22442
22432
22415
22338
22134
22081
22014
21950
21948
21796
21784
21727
21722
21557
21498
21480
21315
21193
21127
21060
20997
20837
20813
20693
20693
20686
20677
20676
20664
20663
20634
20616
20570
20566
20496
20441
20307
20226
20114
 HARD1
 100000 200 57
34991
34949
34847
34577
34461
34343
34318
34316
34302
34290
34282
34279
34046
33944
33814
33813
33753
33653
33620
33584
33554
33544
33426
33414
33376
33273
33270
33170
33034
33007
32957
32897
32784
32773
32528
32499
32423
32400
32356
32302
32090
31863
31850
31841
31840
31775
31773
31655
31613
31608
31587
31535
31378
31197
31194
31179
30992
30899
30780
30742
30685
30645
30641
30610
30498
30336
30327
30271
30105
29975
29957
29924
29870
29815
29777
29754
29658
29648
29553
29481
29416
29415
29410
29408
29361
29316
29002
28987
28947
28897
28801
28636
28538
28507
28435
28360
28330
28063
28007
27983
27937
27879
27760
27715
27517
27230
27146
27072
27028
26985
26894
26840
26799
26797
26717
26582
26511
26472
26469
26386
26301
26117
26110
26031
26030
25705
25532
25524
25499
25441
25421
25356
25310
25227
25118
25073
24989
24955
24844
24792
24625
24562
24526
24451
24299
24290
23927
23885
23873
23850
23795
23583
23473
23438
23408
23354
23328
23260
23145
23128
22994
22744
22687
22596
22581
22516
22467
22412
22337
22253
22226
22206
22177
22036
21997
21933
21807
21749
21669
21656
21585
21525
21506
21437
21415
21316
21222
21214
21098
20944
20819
20718
20709
20488
20458
20422
20324
20233
20137
20008
 HARD2
 100000 200 56
34953
34942
34849
34732
34683
34640
34590
34446
34315
34314
34236
34088
34060
33942
33861
33858
33811
33800
33764
33725
33709
33475
33415
33402
33367
33286
33280
33093
33083
33047
33005
32966
32931
32906
32787
32731
32716
32708
32670
32651
32621
32560
32555
32544
32387
32363
32186
32143
32094
32072
31982
31912
31830
31759
31646
31641
31548
31505
31411
31408
31383
31192
31155
31153
31083
30955
30726
30648
30531
30528
30369
30250
30226
30165
30111
29999
29973
29899
29787
29512
29509
29501
29429
28933
28887
28882
28849
28841
28823
28595
28497
28486
28399
28269
28099
28021
28006
27873
27850
27672
27670
27607
27402
27317
27290
27211
27163
27104
27052
27012
26866
26786
26656
26598
26477
26474
26470
26411
26397
26352
26176
26155
26076
26019
25983
25932
25802
25702
25474
25412
25279
25253
25192
25058
25039
24864
24654
24595
24508
24497
24496
24376
24345
24324
24250
24202
24093
24069
23977
23833
23793
23758
23407
23207
23152
23080
23023
22961
22772
22764
22743
22739
22695
22660
22655
22649
22587
22582
22579
22579
22576
22572
22467
22412
22346
22284
22190
21694
21671
21599
21567
21546
21502
21499
21459
21338
21299
21148
21132
21004
20926
20822
20818
20701
20654
20643
20633
20474
20396
20009
 HARD3
 100000 200 55
34746
34740
34738
34679
34566
34566
34437
34404
34037
33786
33749
33609
33606
33587
33508
33490
33363
33346
33279
33269
33211
33145
33032
33000
32818
32811
32703
32481
32478
32414
32307
32032
32009
31971
31940
31937
31851
31751
31678
31598
31575
31503
31491
31462
31449
31414
31299
31232
31037
31025
30940
30934
30865
30720
30704
30677
30499
30394
30265
30264
30249
30188
29896
29750
29750
29623
29553
29435
29404
29376
29288
29280
29216
29162
29068
29036
29022
28885
28758
28746
28566
28462
28308
28077
27961
27896
27800
27680
27509
27509
27504
27482
27474
27402
27327
27302
27299
27237
27205
27169
27019
27008
26993
26946
26737
26667
26663
26635
26506
26375
26310
26229
26132
26075
26036
26011
25993
25726
25604
25579
25501
25466
25454
25349
25296
25225
25143
25050
25028
24838
24796
24724
24688
24585
24518
24458
24451
24312
24256
24239
24212
24175
23857
23791
23680
23452
23406
23405
23369
23367
23346
23336
23290
23174
23096
23070
23057
22950
22917
22896
22893
22823
22781
22678
22352
22351
22308
22268
22220
22217
22195
22097
22063
22036
21965
21856
21751
21615
21613
21585
21415
21346
21328
21310
21299
21269
21267
21117
20919
20903
20847
20778
20773
20740
20664
20633
20600
20530
20423
20033
 HARD4
 100000 200 57
35000
34970
34839
34733
34369
34328
34237
34229
34225
34197
34154
34002
33988
33977
33958
33934
33891
33839
33471
33218
33149
32979
32940
32936
32912
32902
32900
32885
32802
32802
32802
32708
32637
32415
32403
32200
32110
32068
32067
32058
31950
31946
31923
31919
31690
31624
31562
31482
31475
31450
31432
31405
31363
31187
31107
31088
30940
30873
30866
30750
30538
30527
30497
30370
30347
30290
30156
30140
30118
30051
29845
29750
29654
29646
29552
29512
29415
29403
29382
29300
29271
29151
29131
28998
28951
28937
28867
28821
28820
28724
28696
28489
28380
28267
28252
28225
28223
28105
28104
28044
27900
27864
27699
27668
27661
27593
27589
27570
27497
27416
27322
27287
27271
27221
26975
26881
26813
26692
26591
26520
26432
26337
26290
26289
26219
25966
25822
25563
25546
25461
25442
25361
25356
25281
25259
25122
25078
25024
24793
24790
24789
24721
24714
24424
24413
24341
24325
24234
24198
24149
24092
23920
23907
23864
23811
23799
23781
23671
23662
23493
23299
23206
23162
23139
23119
23013
22984
22983
22872
22846
22771
22533
22467
22246
22237
22217
22166
22143
22140
22095
22045
21930
21774
21753
21744
21500
21369
21289
20986
20971
20920
20899
20897
20892
20788
20774
20738
20368
20299
20139
 HARD5
 100000 200 56
34955
34773
34641
34529
34478
34453
34441
34399
34131
34102
33996
33978
33732
33523
33445
33437
33428
33386
33338
33183
33140
33108
33076
33005
32986
32984
32859
32819
32749
32681
32620
32582
32504
32425
32417
31766
31717
31699
31648
31566
31505
31373
31355
31273
31264
31216
31064
31008
30918
30905
30751
30724
30707
30689
30617
30592
30519
30459
30315
30297
30279
30246
30246
30148
30138
30069
29962
29899
29898
29737
29735
29626
29590
29495
29434
29159
29063
28917
28862
28709
28678
28524
28426
28296
28231
28213
28210
28198
27960
27628
27622
27502
27473
27345
27330
27323
27301
27240
27120
27090
27015
26845
26839
26828
26636
26607
26570
26554
26311
26308
26270
26225
26219
26211
26088
26067
26060
25994
25942
25920
25916
25866
25827
25735
25600
25561
25504
25443
25437
25380
25097
25077
25071
25054
25037
24941
24933
24871
24843
24788
24751
24720
24594
24565
24361
24312
24168
24153
24152
24145
24109
24088
23852
23829
23766
23654
23630
23572
23482
23379
23172
23012
22937
22936
22897
22887
22886
22876
22689
22673
22670
22542
22345
22262
22199
22131
22109
22095
21958
21712
21642
21440
21345
21296
21156
21147
21122
21048
21036
21031
21021
20960
20812
20646
20500
20443
20409
20385
20382
20000
 HARD6
 100000 200 57
34973
34910
34885
34807
34720
34655
34630
34613
34536
34230
34226
34172
34069
34069
34066
33902
33843
33761
33637
33632
33429
33351
33343
33303
33300
33259
33070
33045
33022
32986
32881
32785
32759
32649
32583
32560
32558
32545
32380
32332
32297
32113
32077
31943
31916
31787
31770
31719
31718
31701
31652
31641
31470
31269
31227
31138
31006
30831
30828
30814
30582
30580
30561
30379
30371
30339
30150
30125
30104
30098
30075
30039
29907
29860
29627
29547
29532
29516
29404
29313
29268
29186
29179
29139
29051
28932
28820
28716
28692
28436
28360
28321
28298
28086
27954
27911
27758
27642
27627
27616
27464
27393
27334
27321
27202
27080
27032
26978
26794
26705
26671
26630
26449
26409
26354
26345
26307
26278
26192
26188
26112
26014
25959
25808
25806
25741
25655
25640
25611
25609
25491
25344
25233
25134
25028
24967
24931
24870
24584
24512
24507
24476
24424
24413
24382
24363
24356
24200
24129
24089
24064
24043
23991
23866
23765
23632
23595
23547
23483
23378
23335
23324
23302
23232
23224
23147
23088
22948
22922
22886
22778
22618
22513
22487
22450
22433
22345
22237
22232
22149
22041
21753
21720
21711
21649
21634
21577
21473
21472
20895
20817
20619
20613
20598
20565
20433
20395
20348
20081
20050
 HARD7
 100000 200 55
34808
34689
34603
34583
34336
34297
34244
34192
34092
34045
34030
33976
33959
33872
33820
33736
33641
33592
33405
33362
33333
33299
33253
33242
33223
33120
33093
33067
32733
32256
32193
32094
32003
31894
31788
31746
31734
31720
31675
31651
31648
31618
31611
31599
31598
31312
31095
31062
30853
30793
30691
30599
30567
30537
30462
30436
30264
30246
30218
30053
30037
29942
29941
29879
29779
29746
29688
29682
29641
29633
29563
29462
29461
29450
29356
29299
29288
29280
29235
29169
29129
28955
28954
28671
28437
28336
28269
28200
28000
27973
27968
27914
27885
27759
27741
27653
27567
27563
26904
26550
26402
26366
26361
26348
26225
26139
26108
25991
25718
25683
25639
25462
25290
25228
25136
25043
25038
24962
24892
24823
24803
24768
24621
24559
24441
24419
24381
24250
24235
24093
24083
24065
24060
23974
23868
23833
23636
23633
23581
23523
23445
23413
23317
23202
23160
23150
23117
22977
22959
22955
22947
22915
22833
22755
22739
22603
22592
22557
22554
22530
22354
22313
22306
22095
22092
22021
21948
21934
21913
21855
21594
21564
21543
21518
21440
21389
21370
21205
21174
21027
20984
20969
20932
20900
20844
20816
20721
20694
20584
20533
20490
20476
20343
20332
20260
20173
20162
20157
20131
20017
 HARD8
 100000 200 57
34992
34948
34868
34591
34582
34127
34077
34055
34007
34004
33990
33918
33813
33780
33756
33744
33700
33659
33496
33484
33443
33428
33369
33354
33347
33191
33185
33162
33110
32988
32968
32879
32846
32797
32708
32656
32584
32486
32466
32456
32440
32390
32373
32353
32352
32282
32187
32111
32097
32084
32017
31990
31917
31880
31817
31752
31540
31528
31471
31309
31267
31232
31204
30773
30703
30552
30549
30515
30305
30221
30162
30115
30107
30072
30010
29972
29704
29550
29547
29547
29457
29418
29325
29226
29155
29034
28859
28837
28652
28535
28502
28423
28421
28388
28386
28348
27930
27919
27793
27703
27669
27365
27266
27096
26928
26868
26848
26677
26676
26673
26658
26559
26507
26476
26424
26421
26320
26251
26224
26214
26128
25943
25900
25879
25852
25821
25720
25655
25625
25495
25455
25174
25150
25104
25028
24917
24898
24860
24813
24682
24659
24475
24370
24301
24283
24273
24251
24230
24199
24088
24086
24084
24023
23947
23872
23736
23725
23609
23562
23515
23453
23414
23235
23078
23036
22937
22932
22897
22826
22680
22664
22646
22523
22404
22287
22240
22151
21978
21963
21921
21866
21747
21655
21560
21464
21403
21046
21041
21020
20796
20778
20774
20622
20603
20410
20371
20248
20236
20146
20091
 HARD9
 100000 200 56
34991
34941
34922
34866
34849
34771
34768
34748
34544
34358
34254
34155
34098
34076
34055
34048
34029
33990
33871
33780
33750
33654
33612
33581
33430
33260
33197
33155
33115
33007
32989
32795
32708
32394
32384
32309
32193
32039
32038
32008
31995
31961
31946
31865
31839
31829
31692
31633
31354
31169
31141
31006
30929
30843
30842
30807
30741
30514
30395
30387
30341
30296
30287
30284
30140
30135
30063
29975
29933
29859
29735
29730
29703
29525
29518
29423
29378
29234
29218
29178
29092
29089
28947
28647
28574
28550
28547
28471
28461
28299
28267
28252
28251
28159
28009
28003
27967
27852
27811
27664
27508
27413
27409
27184
27162
27113
27099
27048
27041
26733
26506
26362
26183
25997
25976
25897
25856
25784
25700
25668
25641
25522
25490
25433
25408
25322
25299
25237
25091
25057
25015
24990
24974
24939
24834
24777
24743
24625
24555
24449
24367
24340
24329
24126
24085
24050
24020
23999
23989
23974
23928
23837
23836
23565
23491
23422
23417
23205
23195
23156
23092
22712
22644
22417
22392
22281
22239
22212
22067
22045
22042
22003
21866
21851
21849
21713
21674
21608
21607
21594
21401
21296
21239
21180
21128
21059
20954
20948
20947
20813
20755
20725
20693
20585
20513
20431
20338
20310
20296
20081

