20
u500_00 
 obj=   198       2
140 170 238 159 319 
309 435 75 
226 107 
273 174 
368 199 
488 444 
233 299 322 
429 440 448 
175 461 
8 388 477 
163 217 280 
316 357 373 
18 35 467 
442 339 
279 50 148 331 
201 298 
260 425 
278 473 
146 387 
178 399 
257 21 259 57 27 
62 495 
352 418 
409 450 
265 491 
157 215 303 308 324 
231 200 
237 222 
306 345 
313 481 
344 402 
408 455 
76 96 
332 385 
405 476 
134 301 413 207 220 
99 449 483 197 244 384 
152 164 
162 166 
394 171 
121 472 
314 342 
321 377 
417 432 
94 410 
28 436 
52 490 
296 271 
304 380 
291 310 
295 372 
70 452 
281 293 347 441 
24 369 
41 453 
288 456 
227 401 
72 136 268 317 
420 98 228 14 
55 202 
128 235 
266 241 
333 356 
285 158 
312 230 
154 43 
211 67 
460 114 
141 120 
177 147 
179 186 
194 277 
204 346 
205 383 
267 437 
284 471 
378 496 
404 69 
443 103 
458 282 
42 156 
56 173 
93 196 
153 365 
190 375 
445 100 
457 155 
3 4 
13 73 
66 17 
106 182 
110 248 
131 294 
454 364 
474 396 
26 68 
165 74 
264 350 
336 351 
423 434 
92 5 
115 135 
130 223 
167 287 
192 329 
242 338 
438 376 
475 411 
209 416 
214 497 
54 133 
97 236 
123 263 
330 393 
367 89 
370 366 
386 397 
37 16 
213 412 
256 427 
270 499 
149 20 
195 77 
252 203 
371 262 
111 15 
198 53 
219 71 
290 91 
335 105 
341 250 
406 253 
2 83 
176 112 
193 274 
206 362 
151 22 
255 48 
286 144 
398 363 
1 78 
31 122 
101 125 
245 145 
258 289 
25 44 
86 81 
104 109 
132 172 
142 184 
229 188 
340 283 
421 292 
465 300 
80 11 
234 79 
459 218 
478 221 
484 326 
485 334 
29 61 
169 85 
189 95 
46 390 486 
23 494 
30 82 
39 212 
150 302 
272 318 
446 431 
447 487 
124 225 
269 349 
261 90 117 118 
327 127 210 232 
160 0 403 462 
113 9 33 88 
143 116 243 337 
246 374 389 433 
63 40 65 480 
12 84 191 323 
38 307 381 325 
276 51 391 422 
10 119 139 187 
254 6 239 479 
7 19 47 129 
59 181 240 305 
311 343 419 64 
463 468 492 137 
400 426 451 138 
208 45 102 185 249 
224 348 355 407 424 
34 36 49 297 466 
58 183 216 320 470 
275 358 360 439 428 
379 464 482 32 180 
60 353 359 361 392 469 
108 161 328 414 415 430 
87 315 395 489 493 498 
382 126 168 247 354 251 
u500_01 
 obj=   201       1
123 291 417 
174 219 273 
64 404 376 
330 380 
354 425 408 
373 204 163 
384 413 
199 231 89 277 467 
480 441 
207 167 
246 46 
198 266 
327 255 409 
450 414 
98 375 
183 410 
308 297 
37 55 38 
215 355 
214 445 
361 245 
32 117 142 221 
329 343 419 452 
486 65 
156 334 
239 257 
223 474 
482 405 
279 340 
134 333 
320 436 
269 449 462 284 406 458 
460 66 
281 74 
350 87 
481 391 
379 427 
275 107 
447 390 442 
59 23 
264 402 
84 377 
267 36 
202 220 
39 182 451 
8 496 
455 196 407 
96 45 
294 191 
365 145 
29 106 6 
201 243 166 
495 230 397 
316 190 
429 195 
472 283 454 118 
485 34 
298 300 310 130 489 
251 27 
43 132 155 232 314 315 169 
226 305 487 289 120 
394 439 5 270 
443 457 469 491 217 371 
81 109 192 206 475 461 184 
54 187 
108 336 
317 304 
318 400 
346 228 
437 477 
189 313 
260 372 
332 78 
459 15 
463 359 
28 73 
42 144 
119 222 
235 386 
378 479 
31 25 
115 188 
158 175 
161 147 
252 181 
311 238 
321 466 
344 483 
331 341 
335 290 
423 370 
97 13 
124 200 
168 225 
229 282 
253 312 
256 353 
337 464 
7 212 
148 382 
152 411 
179 456 
210 494 
17 416 
146 72 
203 51 
465 93 
499 205 
237 79 
258 173 
288 208 
433 342 
126 248 
133 254 
92 58 
292 424 
385 389 
398 265 
421 493 
135 60 
234 113 
285 121 
295 160 
415 224 
430 236 
434 247 
268 349 
363 12 
420 53 
488 110 
131 242 
276 357 
381 484 
33 4 
86 122 
448 301 
473 395 
3 26 
127 157 
233 90 
347 68 
366 328 
444 218 
453 388 
88 111 
102 360 
104 278 
490 339 
30 50 
67 94 
138 287 
399 143 
22 0 
63 216 
70 240 
85 241 
99 323 
153 369 
326 478 
82 136 
150 177 
180 302 
348 471 
62 105 
274 468 
412 368 
47 52 
129 116 
193 114 
194 128 
40 103 
303 293 
35 71 
57 364 
374 296 
438 345 
2 9 
10 186 
322 401 
100 356 418 
249 80 426 
112 352 367 
213 392 470 
14 83 244 262 
48 271 307 446 
44 16 20 41 
211 91 162 164 
176 125 178 280 
159 299 362 393 
197 21 61 209 
272 387 431 440 
69 1 75 498 
95 139 151 172 
11 19 250 383 
227 351 403 286 
137 149 497 24 
492 154 170 338 
261 140 141 185 76 
77 18 309 358 428 
422 56 165 171 263 
306 319 325 324 396 
49 101 259 432 476 435 
u500_02 
 obj=   202       2
164 194 258 86 134 
181 320 
238 365 
283 457 
30 205 300 
161 484 
379 443 
42 109 495 
255 421 467 
333 149 11 182 145 
17 211 459 
41 135 169 
359 427 
452 433 
485 422 
498 395 
486 474 
202 303 
212 330 
355 348 
383 424 
415 438 
167 284 492 
129 232 252 100 
488 209 
442 380 
460 385 
28 441 449 
363 366 
373 420 
361 337 
406 356 
434 432 
9 44 349 
79 402 
178 446 
233 147 
293 219 
390 294 
445 478 
469 482 
50 83 139 188 
316 417 447 480 
352 364 430 470 399 
97 107 118 262 369 393 199 
358 464 
267 21 
295 208 
297 242 
388 274 
398 298 
454 309 
461 329 
475 463 
389 122 155 410 451 
74 296 319 371 471 
175 436 477 344 494 496 
241 394 412 473 483 201 
171 127 
225 163 
234 281 
264 343 
22 218 
207 263 
226 278 
317 307 
392 384 
448 397 
45 6 
53 26 
71 193 
111 286 
180 318 
197 328 
222 391 
265 405 
4 12 
77 289 
81 54 
239 113 
250 334 
98 35 
254 102 
299 190 
476 324 
481 377 
5 186 
40 272 
51 339 
38 14 
39 90 
136 156 
183 179 
210 227 
375 240 
431 247 
479 291 
67 25 
92 43 
217 52 
228 80 
236 119 
326 314 
376 336 
429 360 
456 382 
49 125 
63 165 
82 198 
230 204 
302 237 
362 249 
378 305 
31 34 
112 58 
332 154 
409 158 
414 271 
68 72 
96 75 
146 206 
152 221 
189 245 
235 350 
353 440 
157 62 
256 166 
280 282 
310 444 
435 465 
70 84 
141 105 
215 220 
346 279 
407 497 
46 66 
137 76 
185 327 
162 55 
172 268 
184 270 
192 381 
195 450 
8 104 
60 120 
138 187 
301 273 
313 335 
439 386 
103 15 
214 33 
331 140 
7 59 
16 123 
18 203 
231 288 
312 426 
400 462 
23 132 
177 143 
401 277 
253 3 
491 115 
56 260 
150 269 
153 304 
285 321 
455 354 
0 27 
243 88 
370 290 
61 65 
93 116 
110 170 
126 223 
130 224 
144 408 
248 425 
20 57 
89 106 
372 418 
47 403 419 
196 458 472 
387 2 499 
85 87 287 468 
160 124 308 493 
13 351 396 428 
24 78 94 490 
173 108 131 148 
200 176 213 347 
64 1 69 368 
48 121 133 244 
37 10 99 311 
32 128 306 315 
95 338 342 404 
275 322 341 29 
357 367 416 73 
216 246 487 101 
159 489 325 151 
19 117 292 323 466 
168 191 266 276 345 
374 411 437 91 453 
114 36 142 174 257 261 
229 340 413 423 251 259 
u500_03 
 obj=   204       2
93 131 334 394 126 41 
155 214 283 
337 392 466 
10 427 458 
85 232 251 
35 456 
7 72 372 
201 277 
279 333 
384 360 
422 426 
170 440 
61 220 235 198 312 
84 487 
476 317 
398 428 
475 461 
380 488 
407 499 
348 403 467 338 361 247 
4 414 
331 325 381 462 447 
365 287 
478 341 
368 455 
109 134 219 271 257 
181 350 
239 437 
323 445 
435 457 
451 479 
282 489 
354 410 
363 393 
448 417 
303 233 
352 439 
444 459 
497 471 
124 140 413 446 473 
204 371 
210 418 
250 438 
390 465 
431 477 
377 256 
401 284 
483 364 
468 332 
474 345 
322 405 
366 452 
299 229 
60 265 
179 270 
212 347 
280 434 
396 482 
129 411 416 454 
111 146 164 469 215 291 
12 76 
67 161 
118 226 
227 237 
424 262 
31 73 
74 80 
103 195 
168 292 
202 306 
281 326 
59 75 
119 91 
169 308 
443 379 
68 81 
100 142 
145 223 
246 258 
307 315 
342 358 
83 11 
189 87 
234 88 
273 196 
369 272 
386 340 
421 449 
15 48 
116 65 
152 120 
157 130 
327 406 
53 436 
112 460 
153 464 
27 38 
154 200 
289 208 
14 158 
346 184 
423 450 
52 24 
175 46 
218 136 
486 148 
491 151 
22 33 
123 97 
156 125 
339 127 
481 222 
113 121 
149 264 
178 290 
190 316 
221 328 
301 490 
37 47 
171 77 
224 177 
495 304 
138 17 
172 188 
238 261 
269 425 
0 2 
106 249 
254 252 
274 404 
296 415 
3 183 
163 298 
243 402 
276 480 
32 50 
62 54 
110 63 
139 99 
191 132 
245 166 
329 108 
5 57 
211 70 
240 213 
268 216 
288 362 
378 412 
8 16 
25 78 
92 96 
115 102 
295 144 
373 230 
419 300 
442 395 
248 66 
309 259 
429 313 
21 20 
55 236 
44 9 
114 56 
207 58 
209 165 
314 182 
42 26 
98 79 
101 90 
197 336 
255 370 
36 18 
39 23 
89 30 
141 64 
194 187 
217 343 
242 357 
253 453 
374 484 
263 311 
472 492 
105 241 485 
6 199 305 498 
29 1 355 385 
176 174 225 351 
173 45 400 432 
13 128 143 278 
231 359 375 408 
69 94 135 192 
82 95 302 391 
28 137 159 185 
133 205 293 353 
49 19 71 367 
86 104 160 310 
335 318 389 430 
34 463 470 266 
320 409 356 285 
387 244 397 286 
206 51 122 147 433 
180 186 167 376 493 
43 228 267 275 349 
40 162 319 383 388 
344 441 496 150 399 
260 294 330 297 420 107 
117 382 494 193 203 321 324 
u500_04 
 obj=   206       1
498 437 210 
57 62 290 
483 242 
314 4 60 
294 487 
385 452 
419 240 
329 195 
424 408 
169 192 375 
159 261 447 
495 152 
158 55 
308 456 148 252 301 
459 18 
471 63 
45 316 79 
12 174 247 277 356 83 
227 318 
116 65 
172 95 
330 405 
382 488 
300 365 
433 429 458 306 36 462 
453 203 
243 368 400 217 
354 332 
298 439 
377 276 
492 381 
390 460 
466 474 
146 325 
196 420 
344 438 
468 485 
259 184 
430 225 
401 241 
54 211 
64 280 
425 335 
288 490 
323 383 
216 168 
253 304 
82 372 
355 413 
362 353 
387 428 
84 427 
111 441 
81 138 139 422 73 
263 284 
149 140 
182 481 
11 51 
163 153 
122 233 
463 193 88 
214 324 
320 256 443 
202 291 
5 407 
46 32 
118 1 
128 493 
479 319 
228 267 374 386 
494 160 366 31 
343 297 415 101 
25 167 348 432 
114 295 327 76 467 161 
465 469 164 486 
338 346 489 274 186 414 
125 434 440 254 
275 307 421 231 
322 388 360 418 229 
411 446 455 389 393 431 
134 53 
206 126 
221 205 
296 235 
311 262 
315 278 
342 361 
364 497 
34 129 
89 336 
117 373 
124 384 
141 476 
166 480 
175 3 
371 137 
22 218 
48 224 
77 285 
106 292 
86 279 
189 326 
237 331 
80 10 
119 19 
123 281 
208 105 
232 198 
347 236 
14 35 
99 85 
120 155 
180 293 
272 340 
328 337 
40 27 
61 30 
181 121 
220 136 
299 165 
305 268 
312 363 
472 445 
20 98 
113 157 
194 416 
269 461 
144 49 
370 91 
395 313 
449 358 
92 127 
188 171 
417 173 
477 191 
104 72 
115 273 
239 376 
246 412 
283 423 
287 470 
109 130 
234 403 
309 475 
170 78 
183 112 
201 135 
302 156 
8 41 
142 50 
204 145 
303 177 
334 244 
436 409 
454 378 
29 150 
185 264 
351 350 
359 406 
7 97 
230 179 
266 333 
397 478 
0 96 
43 162 
52 491 
44 9 
75 207 
255 250 
24 90 
39 102 
74 110 
222 187 
426 398 
94 70 
209 37 
402 28 
17 68 
26 349 
59 448 
103 58 
178 154 
197 339 
245 473 
345 499 
67 6 
131 66 
215 357 
321 450 
392 212 
15 38 
176 223 
200 87 93 270 
271 289 367 451 
219 100 108 457 
226 199 286 444 
23 151 251 260 
133 16 396 496 
69 21 107 190 
71 238 369 442 
13 147 257 265 
249 379 391 482 
213 2 132 282 
42 47 394 435 
317 33 258 310 399 
248 143 380 410 464 
56 341 352 404 484 
u500_05 
 obj=   206       1
28 355 
44 133 
74 190 
79 395 
99 467 
349 473 
468 20 
474 71 
483 119 
497 122 
27 13 
129 124 
204 136 
206 174 
220 352 
241 365 
386 384 
457 439 
459 389 
285 35 
138 166 
239 228 
275 247 
296 309 
315 452 
325 48 
339 78 
24 60 
77 118 
376 160 
441 179 
444 229 
498 324 
59 46 
246 58 
272 107 
292 162 
379 232 
433 288 
440 392 
494 499 
496 368 
26 45 
80 121 
81 152 
83 180 
147 213 
188 261 
189 307 
210 322 
354 411 
21 175 
38 197 
57 200 
479 223 
135 68 
146 143 
215 203 
237 209 
250 377 
290 387 
343 443 
344 417 
374 427 
422 400 
98 145 
139 151 
154 158 
171 221 
172 224 
186 245 
308 342 
326 410 
36 34 
257 97 
265 381 
316 394 
358 456 
434 425 
462 187 
480 359 
43 30 
69 88 
70 163 
284 191 
47 3 
65 52 
89 85 
155 295 
438 393 
0 49 
61 115 
96 270 
150 289 
273 397 
277 431 
348 251 
406 264 
416 303 
493 341 
86 164 
114 364 
214 403 
319 451 
347 466 
40 29 
72 67 
126 134 
156 269 
477 391 
63 100 
371 161 
447 233 
472 243 
64 108 
102 225 
112 299 
173 370 
177 448 
231 334 
249 361 
274 442 
329 486 
478 405 
489 408 
217 110 
280 127 
301 258 
304 402 
320 428 
375 481 
37 82 
105 192 
199 278 
216 350 
248 15 22 
345 373 104 
367 23 103 
19 1 
159 9 
165 157 
167 198 
235 369 
282 460 
293 487 
337 178 117 
378 211 140 
396 420 182 
141 6 
193 14 
437 92 
11 55 
90 91 
125 95 
195 234 
238 372 
260 424 
283 454 
311 310 
450 464 
54 109 
362 222 
412 242 
144 12 
181 39 
418 130 
56 279 
449 475 
153 169 
328 298 
415 463 
484 476 93 
94 281 305 
336 432 470 
25 101 168 
226 244 256 
318 331 332 
2 41 87 16 
137 148 267 42 
414 111 131 430 
219 327 338 287 
356 382 453 465 
495 10 51 132 
120 183 212 294 
276 366 383 401 
409 413 4 75 
50 113 230 142 
407 423 455 317 
488 84 205 17 
271 421 461 116 
62 194 218 297 
254 330 5 18 
66 185 268 302 
490 380 436 33 
53 128 259 300 
335 399 404 469 
7 31 201 208 
323 471 291 312 
346 446 252 286 76 
353 360 458 149 106 
253 390 8 123 207 
227 255 385 419 491 
492 240 429 435 184 
263 306 314 333 340 176 
32 73 196 236 262 321 
351 398 445 485 170 202 
363 357 388 266 313 426 482 
u500_06 
 obj=   207       2
315 464 74 483 
112 471 132 
371 452 
470 490 
157 182 215 441 448 469 
192 235 
298 328 492 
160 400 203 
295 310 288 
317 381 58 66 108 
421 429 457 
102 172 241 
244 303 344 
426 488 493 
124 16 
184 204 
477 332 
478 340 
485 372 
486 415 
97 446 
476 489 
185 272 293 389 144 
262 229 
300 275 
353 410 
445 435 
327 474 
497 148 
333 49 56 136 162 
100 68 
231 94 
482 438 
398 336 
431 412 
494 450 
88 433 
345 377 
419 404 
443 417 
359 265 
394 282 
484 38 51 396 
425 370 234 403 89 
386 105 149 268 
98 154 491 78 
25 150 
84 197 
122 199 
187 216 
348 226 
449 251 
26 14 
63 22 
96 173 
106 188 
331 466 
83 28 
390 57 
405 60 
468 62 
85 75 
357 134 
402 135 
406 163 
440 196 
447 228 
479 363 
39 79 
119 147 
131 243 
146 260 
52 35 
138 47 
246 59 
249 61 
269 77 
32 44 
128 53 
266 87 
318 99 
387 253 
475 280 
9 70 
42 170 
166 285 
202 289 
227 378 
237 428 
242 456 
347 460 
1 120 
40 326 
121 432 
152 444 
23 6 
125 140 
129 177 
314 255 
383 339 
73 55 
186 86 
305 247 
321 311 
369 320 
423 375 
463 496 
67 71 
123 81 
142 194 
292 214 
316 414 
90 80 
113 223 
164 236 
211 299 
5 21 
193 27 
219 34 
248 110 
279 250 
281 361 
335 364 
424 434 
29 212 
104 267 
213 283 
365 487 
413 498 
0 33 
111 168 
143 195 
274 261 
341 263 
17 4 
19 82 
69 114 
207 118 
322 430 
11 393 
139 409 
167 439 
18 41 
91 95 
107 159 
151 233 
258 245 
349 259 
382 276 
472 304 
481 358 
165 7 
252 175 
290 181 
309 209 
362 294 
376 313 
54 179 
116 230 
133 286 
176 308 
278 350 
323 354 
352 373 
454 418 
10 2 
46 190 
65 264 
232 442 
254 467 
205 155 
224 239 
217 93 
277 324 
346 356 
451 367 
473 374 
76 3 
225 183 
240 257 
256 291 
297 401 
329 408 
360 455 
37 101 
115 436 
72 161 437 
36 64 499 
397 153 171 180 
174 210 306 117 
191 325 337 238 
178 24 103 399 
127 109 137 273 
338 287 296 388 
43 31 158 391 
13 334 342 379 
48 407 420 461 
8 20 156 301 
208 330 395 427 
12 50 458 459 
15 189 218 411 
271 380 462 270 
312 343 422 92 
351 385 480 130 
307 30 169 198 222 
453 45 220 319 416 
141 201 221 302 366 
145 284 384 392 200 
126 368 465 206 355 495 
u500_07 
 obj=   204       2
318 84 193 166 
389 412 440 
44 48 208 
368 87 
377 89 
406 228 
496 358 
436 329 160 
274 463 
352 495 
284 360 
366 391 
179 403 101 
306 280 
347 294 
388 320 
400 344 
196 161 
370 191 
445 194 
317 491 231 137 236 
184 410 
420 471 
438 450 
237 248 185 424 
120 218 397 472 474 187 
351 261 
421 289 
449 345 
382 448 
374 192 
299 339 
354 419 
457 484 
285 334 418 461 
446 50 
462 119 
477 249 
46 375 
76 417 
3 265 
99 283 
490 336 
226 264 
328 387 
468 494 
251 304 443 458 33 
62 254 223 240 346 497 
86 25 235 144 
442 229 365 428 159 220 32 
116 162 117 263 
361 451 133 279 
414 454 79 402 
246 287 125 250 153 
70 28 
170 124 
323 129 
333 168 
353 258 
465 311 
466 342 
21 42 
60 271 
98 396 
171 423 
239 23 
243 102 
324 123 
355 151 
399 470 
167 186 
180 242 
181 273 
262 309 
277 327 
288 337 
390 357 
18 36 
106 93 
173 278 
275 315 
291 373 
425 404 
432 499 
65 30 
312 157 
349 214 
407 247 
408 367 
481 489 
75 27 
78 45 
130 82 
140 104 
182 245 
257 281 
305 434 
310 447 
343 34 
394 39 
203 9 
413 221 
464 255 
8 204 
56 276 
103 332 
105 386 
200 392 
383 469 
97 100 
206 195 
372 244 
111 210 
131 292 
158 298 
253 300 
259 316 
430 452 
174 5 
227 74 
331 126 
338 205 
480 213 
94 20 
146 53 
156 67 
163 411 
270 431 
282 435 
297 441 
348 483 
380 485 
148 155 
197 362 
272 467 
14 183 
22 260 
150 307 
188 384 
207 1 
378 114 
444 127 
38 4 
61 24 
145 139 
176 217 
493 241 
73 398 433 
189 453 473 
219 459 478 
301 475 482 
26 6 492 
135 115 
379 215 
415 252 
51 13 340 
57 81 350 
35 29 
59 128 
80 296 
256 369 
165 37 
198 69 
268 108 
364 122 
437 178 
439 211 
0 10 
322 71 
341 136 
427 232 
11 85 498 
110 64 
177 90 
216 109 
233 152 
321 202 
371 238 
460 325 
40 41 
54 118 
201 149 
224 409 
230 426 
43 66 
77 121 
147 222 
303 330 
422 479 
91 95 487 
112 7 19 72 
113 134 164 359 
96 15 401 416 
83 68 209 456 
175 16 138 169 
314 290 385 455 
286 88 212 295 
31 52 267 308 
17 2 47 107 
313 326 363 49 
393 92 405 199 
154 190 293 376 429 
12 132 141 234 486 
172 269 319 488 58 
143 55 63 381 395 476 
142 225 266 302 335 356 
u500_08 
 obj=   196       2
94 162 220 142 468 
32 235 254 
349 319 
388 383 
435 178 
350 401 
426 499 
448 258 
460 293 
447 381 
97 172 492 
5 57 385 
223 281 452 488 7 
422 408 
205 241 275 
287 298 356 
171 391 397 425 
62 332 458 
192 334 450 197 
315 330 
343 376 
406 443 
24 37 109 
118 224 244 
379 294 
459 477 
496 490 
105 355 368 374 386 404 475 
363 292 
413 342 
420 405 
189 195 289 
430 433 471 
65 417 461 485 
179 152 153 279 328 
92 268 
121 428 
495 454 
366 479 
375 482 
446 237 
465 299 
247 271 
365 371 
436 491 
341 414 
167 246 
229 211 
240 243 
249 412 
307 478 
445 119 
484 125 
487 202 
231 416 
85 164 194 469 
48 269 310 345 442 
157 161 
193 354 
261 373 
326 394 
344 439 
400 489 
207 1 
302 300 
336 480 
140 98 
453 327 
455 409 
69 80 
77 99 
159 138 
239 303 
272 357 
333 456 
424 464 
35 18 
113 44 
200 156 
378 257 
60 17 
218 26 
233 45 
277 56 
305 96 
312 168 
340 236 
3 11 
185 43 
250 184 
253 265 
274 474 
55 145 
71 296 
131 308 
174 324 
273 466 
259 369 
278 427 
49 28 
70 367 
6 325 
123 358 
362 86 
389 144 
27 31 
128 38 
323 173 
396 242 
13 122 
87 170 
100 20 
255 84 
266 112 
335 120 
438 198 
4 63 
51 143 
137 163 
351 180 
101 89 
176 102 
476 216 
46 135 
252 182 
286 187 
291 210 
313 226 
407 232 
415 359 
421 393 
106 59 
219 68 
251 73 
283 183 
284 285 
339 338 
382 399 
403 440 
411 444 
42 19 
76 41 
212 114 
209 39 
217 64 
248 93 
467 215 
316 79 
370 133 
470 166 
34 82 481 
126 139 493 
74 15 
181 190 
230 309 
280 472 
0 8 
115 12 
151 116 
158 203 
213 267 
238 320 
322 462 
352 483 
53 130 
78 329 
83 392 
111 429 
21 88 
256 260 
360 398 
23 262 317 348 
199 81 361 494 
16 91 141 165 
103 227 263 321 
186 372 377 380 
30 9 129 498 
110 175 419 486 
47 29 50 67 
134 117 208 290 
191 306 390 449 
52 54 451 473 
148 146 204 295 
155 311 410 497 
2 75 90 108 
22 154 177 201 
61 301 384 402 
40 282 331 33 
437 418 234 270 
206 10 58 107 188 
387 297 337 364 463 
150 66 72 132 160 
228 214 264 276 304 
124 225 318 395 457 
36 127 136 147 14 
288 104 196 221 222 423 
314 353 434 347 441 25 
95 149 169 245 346 431 432 
u500_09 
 obj=   202       1
103 219 229 
472 80 411 419 
171 46 358 206 372 
58 218 392 432 465 175 
273 378 461 
184 231 360 
318 353 354 
68 141 374 
483 495 
131 300 342 
124 309 438 469 
99 132 178 225 497 
224 421 
245 443 
365 473 
111 356 403 
460 436 
217 223 232 
242 283 345 
116 490 
435 369 
186 208 429 
364 387 
404 494 
236 277 315 454 76 112 
18 156 
57 296 
60 407 
478 330 
164 459 
211 498 
301 170 
400 307 
408 368 
487 445 
341 351 
357 384 
399 430 
440 491 
316 337 441 489 
336 43 
466 122 
390 285 
426 335 
442 347 
462 373 
474 439 
482 321 
496 406 
121 247 
162 279 
235 425 
329 288 
401 344 
477 359 
161 191 230 371 
349 391 402 418 484 
64 11 
143 102 
149 147 
165 393 
302 417 
317 427 
269 23 
286 24 
488 27 
66 222 
108 237 
282 278 
339 450 
94 36 
395 84 
413 151 
456 169 
486 220 
78 69 
126 142 
267 159 
346 202 
415 270 
493 326 
135 47 
145 65 
172 104 
207 110 
213 243 
239 305 
323 312 
452 467 
468 470 
33 52 
137 144 
246 183 
314 195 
363 227 
118 182 
146 244 
154 338 
328 437 
10 39 
32 398 
98 449 
25 77 
50 276 
56 28 
194 42 
241 55 
256 73 
396 95 
444 119 
101 34 
120 177 
205 311 
259 334 
448 428 
481 453 
1 167 
79 176 
83 375 
304 455 
157 0 
331 12 
355 89 
382 284 
385 414 
29 340 
320 451 
3 7 
20 62 
291 422 
322 457 
71 63 
96 115 
127 166 
174 185 
299 343 
53 139 
140 160 
226 290 
44 31 
189 37 
388 254 
423 266 
252 100 
263 136 
17 35 
123 209 
198 214 
204 258 
310 262 
348 361 
133 26 
197 75 
250 86 
352 293 
447 333 
463 464 
5 81 
54 180 
163 193 
287 380 
303 389 
2 6 
4 49 
70 74 
216 105 
275 106 
370 179 
410 200 
51 271 
114 272 
155 476 
22 107 
187 215 
255 306 
13 412 492 
88 313 377 
40 265 416 
128 280 289 
8 109 424 
15 196 203 
153 238 397 
19 409 446 
59 260 281 431 
91 30 233 298 
93 376 394 479 
21 181 274 386 
16 45 471 499 
90 158 192 292 
152 297 332 350 
61 9 41 48 
72 251 257 433 
14 188 366 458 
82 148 475 38 
190 362 381 221 
201 261 308 228 
129 130 253 134 379 
210 67 87 92 173 
268 212 234 248 295 
113 199 294 319 327 
168 85 117 125 367 480 
240 249 324 383 420 325 
97 138 150 264 434 485 405 
u500_10 
 obj=   200       2
67 36 
91 44 
125 152 
235 348 
245 466 
263 86 
21 62 
143 164 
341 354 
396 427 
443 442 
59 69 
223 153 
355 156 
434 170 
446 202 
472 309 
494 382 
90 94 
206 103 
329 138 
444 256 
39 16 
51 89 
118 239 
205 323 
428 373 
123 116 
133 209 
278 266 
28 5 
192 148 
371 275 
430 276 
33 174 
98 186 
270 189 
304 265 
405 293 
420 387 
424 436 
184 77 
231 131 
356 163 
48 109 
82 376 
115 395 
132 498 
199 288 
214 357 
358 450 
431 458 
451 467 
487 417 
30 161 
154 179 
177 241 
248 462 
342 496 
389 411 
10 84 
24 93 
182 102 
198 134 
210 264 
255 406 
289 175 
469 196 
470 217 
34 78 
76 261 
215 353 
260 483 
285 488 
27 14 
87 303 
99 307 
207 313 
227 326 
242 404 
249 459 
150 250 
230 305 
258 322 
473 478 
142 136 
173 438 
308 465 
351 471 
475 291 
31 23 
49 330 
140 331 
181 419 
306 457 
402 338 
432 375 
495 433 
42 6 
85 112 
124 144 
147 172 
397 211 
468 318 
38 2 
41 66 
73 97 
117 120 
201 273 
226 274 
287 280 
327 339 
343 346 
347 359 
374 361 
96 83 
158 185 
345 252 
364 286 
476 421 
17 22 
40 53 
95 111 
141 155 
290 188 
25 57 
79 106 
167 183 
193 218 
284 234 
324 100 
335 114 
422 129 
37 60 
55 70 
195 208 
243 262 
281 398 
297 408 
412 135 
482 146 
486 197 
1 15 
29 20 
247 50 
254 165 
257 216 
267 253 
336 283 
414 365 
460 383 
107 178 
299 350 
407 445 
259 312 
485 490 
316 363 
418 367 
474 453 63 
4 7 12 
191 368 409 
137 277 298 
300 321 401 
9 121 203 
204 314 320 
349 385 435 
81 122 139 
151 157 269 
477 426 429 
455 479 113 
212 393 425 240 
104 166 200 105 
271 370 410 176 
452 222 224 18 
268 310 344 149 
11 19 47 72 
65 74 110 439 
127 282 294 392 
391 13 43 8 
71 126 145 68 
301 372 454 88 
46 54 160 0 
332 352 399 225 
448 491 499 366 
194 220 251 333 
386 388 423 447 
45 56 64 128 
187 246 337 384 
171 236 340 484 
334 378 415 75 
180 190 325 380 80 
3 58 61 101 360 
162 229 233 413 362 
463 441 35 92 119 
130 169 213 311 319 
416 237 302 369 377 
437 379 456 32 52 272 
108 328 481 489 493 238 
244 292 296 315 492 159 
228 232 279 381 394 480 
168 317 403 461 400 449 26 
219 221 295 390 440 464 497 
u500_11 
 obj=   200       2
244 82 68 312 
463 473 
230 295 352 
374 437 
455 481 
50 89 457 
430 414 
83 472 492 
164 371 
177 390 
224 428 
246 474 
11 376 
32 412 
133 416 
255 429 
285 431 
309 480 
223 280 
484 355 
95 379 
284 470 
36 423 487 493 
367 395 
467 489 
263 305 337 363 322 
338 8 60 459 464 
378 380 
439 381 
265 330 351 426 432 394 
72 392 
359 496 
76 118 201 220 262 304 476 
364 342 
451 293 
125 134 290 321 
47 311 
417 445 
435 447 
450 468 
315 101 
334 156 
373 420 
122 369 
124 387 
247 486 
462 494 
176 347 254 221 
121 277 23 77 289 
291 90 
388 96 
460 173 
490 178 
208 100 
229 140 
348 190 
358 210 
458 324 
0 143 
9 219 
65 345 
97 397 
344 466 
393 497 
98 171 
202 272 
203 434 
228 469 
3 84 
127 259 
377 491 
12 129 
39 214 
48 240 
93 267 
336 301 
407 329 
444 449 
302 42 
368 153 
453 270 
22 113 
67 114 
286 148 
346 179 
384 205 
482 335 
116 29 
186 78 
194 193 
385 297 
436 354 
54 5 
80 19 
81 162 
197 215 
242 306 
323 319 
4 243 
92 269 
165 296 
237 343 
475 372 
13 26 
27 79 
28 112 
209 279 
283 300 
320 365 
400 479 
17 117 
421 217 
483 331 
53 43 
139 111 
200 169 
317 192 
370 260 
396 278 
419 353 
59 6 
103 94 
142 131 
159 158 
235 357 
287 360 
442 33 
477 57 
20 31 
37 70 
40 75 
44 105 
180 144 
375 151 
427 212 
56 58 
138 154 
145 252 
391 362 
411 485 
7 2 
233 236 
245 256 
316 276 
339 288 
415 298 
239 135 
248 174 
249 328 
308 405 
398 408 
14 85 
64 157 
104 341 
15 30 
74 130 
231 136 
361 160 
410 213 
422 232 
441 303 
34 187 
38 238 
46 271 
63 307 
258 340 
294 448 
107 1 
189 52 
91 51 
257 172 
383 327 
49 106 
110 225 
166 425 478 
170 102 150 409 
41 234 314 356 
62 10 126 440 
16 183 199 206 
71 251 264 318 
35 61 404 418 
87 66 188 261 
108 55 282 456 
137 109 218 227 
222 332 389 424 
45 281 446 465 
18 120 141 146 
24 149 155 167 
73 191 241 268 
119 325 350 366 
147 401 454 495 
152 274 382 198 
115 163 349 211 
69 86 123 185 386 
168 195 275 292 313 
184 399 402 413 471 
25 161 181 253 266 
207 299 273 403 406 
461 488 499 443 310 
175 99 204 326 433 438 
88 128 132 196 226 250 
182 216 333 452 498 21 
u500_12 
 obj=   199       2
70 181 204 215 369 0 
354 360 
403 428 
152 235 426 
427 442 461 
19 392 429 
76 294 
180 298 
233 340 
249 343 
328 383 
16 252 437 
312 108 413 9 130 
457 231 
213 250 
352 412 
440 463 
446 474 
205 214 271 
150 140 325 263 
488 259 
499 336 
179 498 
138 397 487 
151 165 338 439 324 
347 316 
382 393 
481 465 
137 184 
267 332 
365 491 
285 479 
97 414 
162 172 121 192 219 260 
418 319 
432 330 
434 387 
417 311 
478 492 
124 448 
135 451 
166 497 
278 282 
243 295 436 470 
91 388 
349 452 
445 289 
39 139 
49 147 
262 359 
193 364 
212 404 
371 484 
337 346 
407 423 
247 458 
90 142 145 356 362 410 
100 331 351 377 453 496 
284 275 277 323 438 422 
48 176 
288 187 
358 232 
380 283 
405 363 
36 28 
55 35 
61 315 
208 334 
236 431 
272 482 
81 51 
136 87 
256 391 
297 406 
409 433 
1 98 
69 266 
74 280 
419 444 
78 40 
120 101 
178 118 
186 203 
227 238 
378 254 
13 75 
131 220 
223 268 
290 386 
309 486 
443 489 
102 66 
281 88 
344 228 
468 237 
25 57 
92 85 
299 229 
367 303 
420 379 
106 5 
225 127 
326 175 
111 107 
483 114 
494 197 
37 43 
89 62 
113 129 
188 185 
292 368 
301 375 
366 402 
52 116 
103 133 
276 274 
314 398 
441 467 
464 477 
32 148 
82 244 
157 401 
34 65 
167 194 
305 221 
348 357 
10 4 
18 415 
125 23 
163 79 
490 109 
47 155 
68 156 
218 495 
149 153 
189 246 
30 11 
261 24 
430 84 
473 105 
22 95 
27 115 
190 168 
327 217 
425 226 
435 240 
17 296 
46 310 
112 317 
2 64 
38 191 
146 400 
216 447 
242 480 
53 56 
353 67 
390 169 
416 183 
462 222 
493 273 
7 60 
50 291 
94 471 
42 33 
83 59 
161 264 
239 333 
72 126 
132 134 
201 202 
209 224 
257 339 
258 300 342 
15 411 485 
8 421 456 
20 234 320 
31 322 395 
119 384 454 
3 96 110 159 
29 304 345 376 
385 14 455 466 
54 104 211 341 
41 80 143 144 
73 199 318 361 
58 171 394 424 
123 6 265 287 
21 195 313 321 
44 63 86 372 
182 164 174 476 
45 141 160 154 
335 370 381 230 
469 450 200 269 
459 472 255 286 
389 71 93 99 173 
449 307 329 350 373 
198 170 177 241 248 
245 279 306 374 408 
77 12 26 158 475 
207 210 399 196 302 
206 251 253 128 460 
117 122 293 308 355 396 270 
u500_13 
 obj=   196       1
70 339 196 377 
296 317 321 75 82 370 423 
73 221 222 
229 310 345 
349 404 427 
323 338 376 294 485 
372 459 42 
463 402 
80 178 235 
242 319 378 77 
396 331 
422 340 
95 146 267 
453 135 145 160 
442 476 
466 447 
261 233 
266 253 
450 383 
444 143 
477 259 
482 348 
238 304 
248 394 
434 420 
405 352 
437 421 
454 424 
451 103 
36 170 203 223 
263 285 312 328 
498 85 
497 330 
300 284 
393 316 
365 182 
386 198 
399 228 
455 357 
51 93 276 35 
309 359 368 244 
496 471 473 335 
124 416 84 301 465 215 
102 227 197 363 414 258 
106 122 213 291 478 158 246 
136 164 480 475 247 101 
318 343 435 9 
79 110 311 34 
245 278 327 360 367 443 486 
15 72 174 488 391 
274 401 409 479 256 432 
30 45 
48 63 
140 81 
150 96 
161 232 
257 262 
374 292 
469 358 
118 172 
25 205 
157 398 
11 109 
41 239 
50 390 
293 438 
3 43 
87 67 
105 148 
165 184 
342 187 
408 333 
32 14 
54 134 
201 226 
260 282 
17 31 
58 180 
171 188 
211 281 
351 375 
353 379 
461 467 
155 6 
176 163 
199 179 
204 183 
380 209 
16 68 
28 194 
74 200 
138 385 
237 493 
26 53 
298 113 
326 128 
350 166 
361 168 
407 240 
433 269 
49 60 
62 195 
125 220 
217 413 
65 2 
154 117 
162 255 
190 307 
219 329 
236 417 
382 458 
37 0 
59 33 
78 76 
133 364 
83 7 
231 132 
234 186 
250 191 
286 277 
371 314 
27 66 
104 100 
131 441 
151 481 
139 112 
153 144 
275 192 
280 193 
440 265 
483 283 
107 18 
147 94 
152 177 
295 297 
400 313 
449 366 
474 373 
40 114 
406 120 
425 302 
19 169 
24 270 
39 429 
159 224 
175 491 
5 22 
142 56 
322 173 
346 308 
462 355 
69 23 
287 126 
395 156 
412 216 
436 249 
57 4 
185 91 
254 99 
305 430 
347 484 
141 52 
241 149 
384 225 
426 320 
457 369 
489 428 
137 90 
206 129 
389 218 
446 271 
108 264 
279 332 
362 456 
10 468 490 
1 387 495 
230 167 411 
21 472 415 
303 356 487 
71 388 397 
86 208 290 
212 336 341 
410 492 431 
38 8 92 288 
55 116 299 334 
243 64 130 289 
12 111 115 325 
13 189 210 214 
20 252 272 470 
337 88 418 499 
29 89 97 306 
47 381 403 439 
121 315 419 445 460 
46 127 268 344 464 
44 61 119 202 354 
251 273 324 392 448 
98 123 181 207 452 494 
u500_14 
 obj=   204       1
299 62 1 32 
322 402 451 
59 162 176 
315 454 498 
18 42 76 
379 388 220 
405 414 
90 471 342 
331 122 
400 141 
448 191 
460 289 
464 324 
443 11 
497 56 
486 475 
477 457 
186 371 99 483 244 293 
75 81 
187 127 
256 188 
373 231 
377 242 
413 290 
382 275 
416 365 
197 222 229 269 276 369 354 
297 440 
309 463 
385 470 
468 455 
140 152 224 355 74 
447 43 
453 64 
409 347 
482 423 
478 340 
476 428 493 33 
372 94 361 461 
89 78 128 225 171 
259 4 
267 50 
282 137 
284 161 
287 190 
308 262 
345 270 
403 387 
424 394 
166 321 
170 328 
182 329 
228 360 
295 429 
458 234 
474 260 
479 316 
496 325 
397 346 
472 411 
305 495 
281 408 
311 435 
313 442 
378 485 
462 67 344 274 
147 303 393 352 44 105 
93 115 126 175 363 437 142 
165 200 239 286 336 426 6 
420 489 35 370 
150 349 434 266 
15 69 364 219 
232 392 396 407 418 107 
38 97 
203 143 
296 164 
46 14 
138 26 
168 195 
338 432 
73 57 
154 173 
189 332 
211 359 
278 395 
288 433 
304 481 
193 108 
319 114 
20 28 
207 66 
343 68 
12 82 
169 146 
227 167 
264 251 
491 291 
45 39 
47 201 
339 133 
367 155 
456 213 
480 307 
55 2 
123 92 
247 185 
252 268 
430 380 
27 24 
71 320 
79 383 
390 410 
85 19 
177 52 
427 196 
465 376 
492 389 
34 5 
180 208 
204 279 
246 314 
113 3 
206 17 
240 199 
255 254 
337 452 
41 202 
148 223 
419 245 
159 7 
214 216 
218 230 
241 250 
417 277 
438 353 
9 29 
174 54 
253 215 
86 205 
163 391 
459 425 
111 48 
134 124 
272 160 
484 280 
87 194 
263 221 
298 265 
384 469 
104 119 
106 181 
120 318 
131 334 
209 368 
243 441 
271 488 
51 8 
236 237 
326 323 
449 375 
109 101 
132 117 
139 257 
158 261 
292 294 
30 83 
102 110 
350 151 
358 238 
25 77 
91 84 
285 172 
317 248 
386 310 
444 422 
63 80 
103 96 
136 98 
144 129 
145 153 
273 306 
300 335 
301 415 
446 445 
53 226 
302 333 
348 398 
406 431 
40 450 439 
72 341 487 
330 351 490 
10 116 210 436 
22 100 112 192 
235 23 212 217 
13 49 184 198 
125 16 249 366 
118 21 135 404 
121 36 70 95 
65 149 374 401 
0 157 178 233 
130 31 61 156 467 
37 60 179 399 499 
58 183 362 381 494 
258 312 327 357 421 
88 283 356 412 466 473 
u500_15 
 obj=   201       2
4 353 379 
129 53 189 408 
452 458 
236 330 
366 417 
397 94 273 
373 474 334 
22 44 131 
226 382 247 
43 166 410 
185 490 180 
368 465 
448 467 
498 497 
263 434 13 
217 235 
281 252 
287 259 
322 260 
331 261 
439 339 
462 383 
96 380 
415 436 450 
70 228 278 470 98 
254 319 
290 378 
343 464 
232 130 
325 153 
365 176 
400 207 
402 251 
401 314 
451 327 
454 424 
473 487 
358 481 67 174 
71 142 183 
105 477 
280 375 485 
205 488 
9 104 115 355 
114 220 419 54 
221 245 328 387 369 122 
320 52 
420 79 
333 233 
447 468 
394 429 
407 445 
466 461 
456 161 
388 393 459 478 61 
11 66 323 367 443 
291 300 304 234 
107 113 423 143 
250 316 341 301 
140 411 416 36 
47 218 277 453 159 
246 295 363 381 441 476 62 
5 200 
12 272 
64 317 
162 321 
198 329 
21 17 
117 146 
134 238 
169 409 
186 486 
30 50 
73 165 
242 175 
244 225 
283 257 
395 306 
440 318 
496 405 
303 210 
84 49 
97 426 
99 449 
28 377 
74 398 
154 41 
171 60 
360 187 
361 190 
372 195 
427 268 
480 274 
112 336 
184 396 
196 15 
253 82 
349 119 
391 309 
106 24 
455 194 
45 2 
90 65 
92 95 
118 102 
157 150 
178 209 
193 214 
493 231 
109 46 
149 80 
237 87 
414 182 
23 8 
57 163 
136 172 
201 212 
206 219 
229 249 
298 345 
302 357 
338 482 
123 216 
188 340 
152 124 
199 139 
258 223 
271 270 
286 292 
305 346 
335 389 
347 489 
403 491 
177 32 
230 111 
56 72 
156 76 
342 125 
371 266 
392 344 
463 444 
59 27 
110 38 
145 133 
197 192 
227 241 
285 299 
137 20 
211 75 
265 151 
289 164 
311 432 
14 35 
48 239 
148 315 
248 406 
269 438 
457 442 
10 100 
68 120 
181 240 
243 297 
275 313 
412 386 
88 267 
191 307 
279 348 
350 385 
155 0 
293 39 
413 264 
471 351 
33 16 
55 167 
86 359 
103 430 
138 460 
34 42 
108 116 
126 284 
326 418 
93 282 332 
310 364 354 
1 376 499 
7 421 475 
29 203 208 
83 469 492 
204 337 479 
18 40 141 288 
222 31 390 446 
132 58 78 81 
170 85 135 215 
213 224 255 324 
77 296 428 435 
63 202 308 494 
51 168 399 425 
25 26 121 483 
6 276 294 404 
91 19 69 362 484 
262 101 127 147 312 
433 374 422 472 495 
3 128 160 179 431 
37 89 256 384 437 
158 356 144 173 352 370 
u500_16 
 obj=   202       1
450 238 22 
124 445 63 
303 83 499 
338 306 
127 166 160 
262 333 430 
316 367 
232 136 
439 175 
36 355 
287 144 
93 90 
361 377 
476 484 497 
224 37 
382 271 
455 272 
342 448 
15 311 
348 228 
344 477 
81 246 
253 277 370 
449 483 
457 289 
417 343 
274 188 34 
363 94 
447 131 241 
204 278 369 376 425 304 
165 339 441 471 492 73 
323 325 407 426 452 458 384 
205 332 
465 10 
276 404 
416 196 
147 268 208 392 
290 446 
391 215 
437 432 
381 423 
444 486 
75 266 281 374 405 
185 49 
473 24 
357 101 
327 48 
114 233 
174 353 
419 134 
420 227 
433 267 
335 130 
495 406 
402 378 
358 453 
297 459 
400 296 
475 187 50 421 
71 324 159 97 
176 240 
379 206 
431 263 
288 207 230 155 
493 466 
388 113 
438 58 
65 429 
149 122 
216 427 189 270 
252 243 
470 19 
173 148 269 249 145 
118 180 231 265 494 
468 411 237 491 
197 247 254 280 251 390 
347 385 410 116 
191 226 242 478 99 
312 349 365 380 340 
89 214 259 284 314 393 315 
18 69 
46 120 
108 157 
195 366 
414 454 
172 1 
480 104 
489 30 
44 337 
261 56 
490 121 
154 3 
292 29 
330 354 
461 139 
20 96 
52 220 
119 222 
487 394 
21 77 
198 399 
256 498 
386 472 
211 17 
245 68 
92 4 
169 13 
177 133 
209 373 
16 178 
167 481 
35 106 
59 117 
111 146 
168 183 
203 219 
239 322 
403 401 
23 137 
307 346 
383 434 
387 451 
0 202 
142 217 
192 412 
258 443 
285 464 
98 5 
102 25 
161 328 
163 298 
186 255 
218 362 
2 456 
54 67 
135 126 
193 352 
199 409 
210 7 
76 320 
109 397 
55 110 
152 291 
162 469 
294 488 
82 6 
87 9 
264 336 
442 28 
128 31 
329 47 
424 138 
485 293 
79 150 
107 200 
190 225 
282 260 
317 275 
356 295 
413 313 
462 334 
463 396 
467 460 
182 27 
244 40 
12 32 
184 64 
326 371 
39 60 
140 360 
171 341 
179 368 
302 375 
364 389 
26 398 
33 151 
41 170 
213 194 
221 223 
418 229 
38 62 
78 143 
181 301 
235 308 
257 496 
45 72 
129 141 
156 250 
283 286 
57 74 164 331 
125 372 422 435 
14 53 212 351 
70 100 234 236 
88 309 474 482 
43 201 248 440 
105 8 91 479 
273 42 51 305 
123 85 132 158 
84 95 408 415 
61 11 115 279 318 
153 86 345 350 359 
80 66 103 300 319 436 
112 299 310 321 395 428 
u500_17 
 obj=   198       2
191 41 15 167 
193 146 256 267 303 350 
379 25 
453 311 
413 468 
198 257 353 
75 395 469 
300 367 
315 370 
355 477 
483 130 170 
345 336 
436 360 
495 385 
248 321 71 
304 490 
384 484 
394 488 319 448 63 33 
295 51 
323 194 
462 217 
403 454 
269 369 377 145 
415 496 
456 312 
371 187 
449 285 
343 433 
418 435 451 26 143 239 
466 214 313 347 391 
201 123 
270 140 
402 185 
124 431 
229 465 
245 273 
259 327 
263 337 
284 416 
442 348 
450 359 
274 307 
325 361 
482 489 
70 93 157 225 
258 320 417 440 
296 246 247 272 290 335 349 
426 13 
497 382 
305 237 
422 249 
264 467 
154 386 
292 398 
254 344 
314 346 
330 412 
408 441 
409 478 
475 499 
357 298 
265 12 166 197 
222 240 288 486 261 324 
309 406 184 326 
97 169 378 476 
196 243 380 427 
46 114 388 430 491 
103 260 271 461 22 
190 252 458 459 480 342 
374 101 
400 294 
180 23 
213 31 
366 141 
438 163 
48 29 
89 34 
113 88 
297 119 
364 121 
389 148 
401 277 
494 301 
332 308 
365 316 
55 32 
59 175 
73 182 
220 212 
358 393 
362 425 
404 457 
411 473 
120 45 
399 60 
67 42 
96 65 
116 81 
155 216 
122 204 
126 317 
151 352 
179 363 
211 446 
64 76 
414 78 
429 221 
106 14 
109 35 
139 86 
381 134 
472 168 
36 77 
142 171 
251 183 
383 233 
387 291 
68 79 
92 125 
282 173 
310 253 
434 286 
8 10 
118 172 
368 340 
460 445 
39 98 
111 133 
38 202 
94 354 
174 421 
334 437 
339 447 
219 18 
423 152 
30 203 
115 262 
156 280 
208 299 
0 11 
84 19 
90 117 
138 153 
192 289 
238 397 
250 419 
331 474 
21 110 
244 149 
420 150 
428 160 
464 215 
127 224 
186 471 
278 485 
66 189 
105 195 
132 210 
241 333 
322 407 
373 432 
5 52 
9 82 
62 128 
206 283 
226 479 
165 104 
223 164 
227 176 
255 178 
351 276 
87 49 
235 129 
268 188 
439 234 
455 281 
487 293 
493 410 
37 112 
74 200 
4 91 
72 108 135 279 
161 338 396 492 
2 54 57 100 
7 136 162 375 
107 24 69 158 
95 47 53 390 
58 102 137 199 
177 218 228 318 
40 20 452 498 
3 56 231 242 
16 356 392 463 
85 6 17 50 
147 275 444 470 
144 27 43 159 328 
131 287 329 376 481 
80 61 83 230 266 
209 181 302 405 424 
44 1 28 205 99 372 
207 232 236 306 341 443 
u500_18 
 obj=   202       2
138 57 144 84 187 
28 111 126 
199 336 433 
457 42 
377 288 
458 295 
209 237 399 
414 448 493 
196 279 324 328 83 
417 303 
186 40 68 
307 461 
325 466 
447 90 
483 130 
419 459 497 
34 56 76 
150 185 214 245 285 203 
398 374 
425 474 
227 386 
333 407 
354 439 
170 184 207 327 409 
26 86 257 
87 223 272 115 358 
284 302 
401 309 
360 234 
113 210 248 312 421 125 
491 435 
263 387 
498 340 
484 135 330 339 396 467 108 
486 460 
329 423 
368 476 
411 315 390 443 
224 238 341 412 420 
485 149 
317 392 
371 432 
494 402 
445 349 
365 71 
464 134 
230 249 431 437 
426 444 475 438 470 
422 23 351 47 
202 1 
221 218 
259 299 
260 471 
89 16 
233 62 
282 66 
318 110 
382 236 
49 78 
80 124 
129 289 
119 37 
159 161 
294 177 
381 208 
397 338 
492 357 
103 60 
117 140 
148 212 
15 20 
97 79 
158 98 
220 131 
242 165 
269 265 
413 314 
416 363 
465 378 
499 394 
4 48 
31 155 
200 311 
298 379 
305 495 
32 8 
231 39 
313 88 
353 173 
380 193 
410 229 
478 271 
490 292 
85 43 
179 69 
241 114 
266 261 
38 25 
70 188 
147 252 
240 267 
243 405 
247 469 
463 472 
9 63 
120 152 
225 239 
306 251 
418 436 
95 6 
362 12 
408 136 
430 204 
482 290 
106 143 
345 166 
446 195 
27 29 
141 50 
219 64 
395 213 
41 22 
92 33 
308 44 
361 54 
370 55 
216 24 
376 121 
406 192 
449 201 
450 222 
468 258 
480 277 
61 18 
128 146 
154 273 
162 332 
167 342 
235 385 
268 440 
280 496 
133 30 
157 93 
281 101 
287 123 
373 194 
434 323 
488 429 
127 142 
156 182 
189 246 
232 293 
350 297 
35 250 
104 278 
181 424 
197 481 
10 270 
45 304 
51 389 
14 153 
190 253 
334 321 
428 335 
168 5 
291 91 
21 52 
191 72 
322 132 
403 226 
100 118 343 
137 310 364 
145 316 372 
105 13 415 
19 75 
151 81 
205 174 
206 178 
211 180 
347 255 
462 264 
67 107 276 
139 228 320 
164 301 344 
348 356 367 
36 46 
116 286 
3 77 94 122 
53 217 359 454 
96 0 102 455 
337 366 393 452 
262 172 456 487 
65 17 384 404 
11 82 109 171 
58 183 256 296 
99 73 112 375 
163 215 275 400 
176 59 473 489 
7 74 244 254 
355 477 274 326 
2 300 352 391 441 
369 175 331 346 451 
198 160 283 319 479 
169 388 383 453 427 442 
u500_19 
 obj=   196       2
420 44 123 
185 315 442 27 138 452 
445 494 
200 334 388 
247 491 
371 480 
458 227 
216 141 
447 485 172 
359 109 
453 149 
118 214 
387 20 
498 72 
282 21 
159 254 
226 268 
298 395 
155 400 
48 182 
448 35 
412 43 
346 397 470 134 
349 366 
378 438 
414 221 
497 310 
271 57 16 144 462 
314 198 
416 215 
428 235 
451 411 
484 475 
52 111 222 231 
255 301 389 398 
108 51 283 201 124 
220 232 338 345 376 403 56 
277 112 
126 293 
264 335 
309 350 
409 364 
374 454 
381 460 
92 162 165 175 272 373 
401 193 79 170 
407 294 157 436 
26 152 
205 37 
46 217 
71 290 
186 360 
431 304 
344 483 
12 40 
135 95 
223 478 
405 306 
163 327 
173 386 
256 496 
127 102 
355 188 
450 284 
34 8 
58 148 
281 312 
228 424 
99 62 
145 324 
437 219 
68 78 
279 89 
250 347 
253 363 
265 372 
273 383 
432 406 
110 190 
147 408 
168 430 
441 239 
456 299 
29 176 
183 82 
121 252 
261 362 
274 402 
477 493 
15 7 
103 83 
120 370 
150 377 
243 418 
479 361 
444 487 
321 93 
417 167 
14 30 
36 113 
154 143 
230 384 
240 392 
94 296 
249 379 
326 474 
104 136 
197 333 
245 425 
440 352 
472 489 
184 74 
233 115 
128 308 
146 0 
319 64 
332 151 
342 238 
375 486 
47 116 
181 81 
317 105 
343 213 
351 482 
153 234 
236 288 
356 302 
354 358 
38 49 492 
67 18 
77 86 
96 267 
100 287 
225 318 
280 353 
357 429 
457 142 6 
129 84 
90 204 
224 320 
385 323 
33 202 
97 427 
107 434 
80 101 
114 139 
156 259 
262 209 
241 488 
467 248 55 
25 178 
59 208 
329 210 
50 28 
244 31 
160 54 
365 63 
87 426 
449 191 
330 471 
481 433 
66 187 
292 158 
495 206 
9 42 
106 140 
212 164 
289 229 
410 393 
75 369 
391 490 
455 300 98 
174 242 276 45 
305 337 396 61 
469 133 311 24 
399 435 465 10 
19 285 322 2 
1 180 380 446 
328 419 17 169 
13 60 69 195 
278 137 211 4 
3 339 382 394 
443 473 476 22 
316 166 269 422 
336 423 53 85 
130 260 459 367 
341 41 171 11 
70 117 199 415 464 
91 251 266 291 331 
421 461 207 218 73 
237 246 257 65 23 
5 122 307 468 32 
131 325 192 196 258 
177 340 270 439 463 
39 295 297 313 348 119 
413 179 194 368 404 76 
88 263 286 303 466 125 
499 275 390 132 189 203 161 
